1	3 
2	34 
3	17 
4	35 
5	38 
6	5 
7	4 
8	1 
9	1 
10	33 
11	17 
12	21 
13	25 
14	8 
15	29 
16	27 
17	36 
18	18 
19	30 
20	10 
21	16 
22	3 
23	12 
24	29 
25	31 
26	9 
27	23 
28	2 
29	9 
30	33 
31	37 
32	33 
33	34 
34	18 
35	29 
36	30 
37	21 
38	37 
39	36 
40	38 
41	19 
42	9 
43	38 
44	11 
45	28 
46	2 
47	3 
48	35 
49	33 
50	21 
51	19 
52	13 
53	11 
54	27 
55	36 
56	6 
57	18 
58	1 
59	34 
60	26 
61	5 
62	8 
63	6 
64	25 
65	30 
66	37 
67	36 
68	18 
69	13 
70	21 
71	8 
72	26 
73	16 
74	28 
75	27 
76	17 
77	22 
78	6 
79	8 
80	33 
81	5 
82	5 
83	10 
84	25 
85	20 
86	34 
87	24 
88	27 
89	3 
90	18 
91	34 
92	28 
93	23 
94	11 
95	17 
96	5 
97	12 
98	24 
99	29 
100	37 
101	34 
102	22 
103	3 
104	29 
105	4 
106	15 
107	30 
108	14 
109	16 
110	35 
111	36 
112	21 
113	36 
114	10 
115	18 
116	24 
117	25 
118	16 
119	2 
120	10 
121	7 
122	32 
123	28 
124	28 
125	32 
126	22 
127	32 
128	21 
129	7 
130	38 
131	35 
132	9 
133	31 
134	29 
135	30 
136	16 
137	26 
138	35 
139	7 
140	19 
141	28 
142	32 
143	26 
144	15 
145	37 
146	36 
147	30 
148	26 
149	28 
150	13 
151	35 
152	21 
153	30 
154	17 
155	34 
156	34 
157	10 
158	29 
159	32 
160	8 
161	29 
162	5 
163	35 
164	20 
165	12 
166	19 
167	10 
168	18 
169	4 
170	8 
171	1 
172	28 
173	5 
174	3 
175	14 
176	4 
177	8 
178	24 
179	22 
180	38 
181	10 
182	23 
183	4 
184	1 
185	19 
186	26 
187	4 
188	16 
189	18 
190	18 
191	38 
192	27 
193	36 
194	6 
195	22 
196	1 
197	24 
198	31 
199	4 
200	14 
201	19 
202	23 
203	4 
204	7 
205	9 
206	32 
207	17 
208	35 
209	31 
210	1 
211	38 
212	12 
213	2 
214	3 
215	32 
216	1 
217	26 
218	18 
219	22 
220	37 
221	15 
222	9 
223	15 
224	19 
225	31 
226	12 
227	23 
228	4 
229	18 
230	14 
231	37 
232	38 
233	28 
234	4 
235	35 
236	35 
237	1 
238	38 
239	1 
240	27 
241	22 
242	20 
243	22 
244	17 
245	11 
246	20 
247	23 
248	3 
249	8 
250	22 
251	8 
252	29 
253	27 
254	15 
255	4 
256	15 
257	23 
258	24 
259	1 
260	29 
261	14 
262	30 
263	13 
264	18 
265	7 
266	30 
267	30 
268	10 
269	3 
270	21 
271	19 
272	11 
273	28 
274	18 
275	8 
276	36 
277	17 
278	9 
279	33 
280	33 
281	28 
282	38 
283	3 
284	36 
285	28 
286	7 
287	11 
288	31 
289	25 
290	1 
291	22 
292	11 
293	13 
294	29 
295	9 
296	3 
297	13 
298	1 
299	15 
300	12 
301	6 
302	31 
303	4 
304	24 
305	29 
306	31 
307	36 
308	15 
309	33 
310	34 
311	27 
312	6 
313	1 
314	10 
315	2 
316	20 
317	8 
318	7 
319	9 
320	16 
321	37 
322	17 
323	9 
324	25 
325	1 
326	25 
327	8 
328	38 
329	33 
330	20 
331	20 
332	10 
333	30 
334	32 
335	11 
336	33 
337	13 
338	38 
339	12 
340	8 
341	17 
342	3 
343	15 
344	25 
345	23 
346	11 
347	34 
348	28 
349	7 
350	12 
351	30 
352	26 
353	12 
354	32 
355	37 
356	4 
357	25 
358	11 
359	24 
360	22 
361	6 
362	2 
363	6 
364	13 
365	11 
366	6 
367	25 
368	9 
369	22 
370	36 
371	20 
372	6 
373	5 
374	23 
375	22 
376	31 
377	22 
378	20 
379	25 
380	13 
381	15 
382	26 
383	35 
384	13 
385	9 
386	36 
387	27 
388	23 
389	23 
390	20 
391	28 
392	25 
393	7 
394	16 
395	14 
396	14 
397	33 
398	11 
399	9 
400	35 
401	17 
402	34 
403	2 
404	24 
405	23 
406	21 
407	11 
408	29 
409	19 
410	36 
411	32 
412	2 
413	3 
414	7 
415	31 
416	5 
417	13 
418	33 
419	10 
420	30 
421	31 
422	34 
423	34 
424	25 
425	31 
426	1 
427	29 
428	21 
429	18 
430	17 
431	9 
432	12 
433	30 
434	22 
435	22 
436	26 
437	26 
438	8 
439	32 
440	8 
441	20 
442	38 
443	31 
444	27 
445	21 
446	11 
447	24 
448	15 
449	15 
450	14 
451	29 
452	35 
453	19 
454	25 
455	2 
456	14 
457	30 
458	7 
459	31 
460	11 
461	19 
462	5 
463	33 
464	12 
465	8 
466	31 
467	31 
468	6 
469	36 
470	22 
471	14 
472	18 
473	4 
474	34 
475	16 
476	2 
477	23 
478	26 
479	37 
480	26 
481	1 
482	4 
483	25 
484	32 
485	36 
486	3 
487	32 
488	1 
489	16 
490	25 
491	14 
492	20 
493	24 
494	14 
495	3 
496	9 
497	34 
498	33 
499	26 
500	15 
501	9 
502	27 
503	27 
504	15 
505	7 
506	8 
507	15 
508	36 
509	27 
510	20 
511	9 
512	35 
513	27 
514	6 
515	5 
516	38 
517	5 
518	12 
519	10 
520	26 
521	16 
522	2 
523	28 
524	17 
525	27 
526	33 
527	16 
528	35 
529	22 
530	37 
531	2 
532	13 
533	4 
534	37 
535	19 
536	3 
537	22 
538	19 
539	17 
540	15 
541	8 
542	16 
543	13 
544	13 
545	4 
546	28 
547	17 
548	16 
549	2 
550	24 
551	12 
552	2 
553	24 
554	19 
555	9 
556	27 
557	14 
558	12 
559	31 
560	6 
561	15 
562	22 
563	20 
564	15 
565	29 
566	29 
567	25 
568	3 
569	28 
570	5 
571	36 
572	14 
573	30 
574	23 
575	18 
576	37 
577	35 
578	10 
579	35 
580	6 
581	1 
582	23 
583	24 
584	12 
585	23 
586	21 
587	8 
588	38 
589	23 
590	13 
591	21 
592	19 
593	24 
594	15 
595	9 
596	13 
597	18 
598	29 
599	18 
600	4 
601	11 
602	8 
603	4 
604	5 
605	23 
606	33 
607	6 
608	29 
609	18 
610	3 
611	6 
612	17 
613	30 
614	9 
615	17 
616	8 
617	10 
618	6 
619	34 
620	1 
621	38 
622	27 
623	7 
624	34 
625	26 
626	16 
627	21 
628	23 
629	8 
630	37 
631	37 
632	12 
633	27 
634	30 
635	3 
636	33 
637	30 
638	24 
639	34 
640	27 
641	14 
642	7 
643	2 
644	6 
645	6 
646	34 
647	18 
648	15 
649	17 
650	11 
651	10 
652	3 
653	24 
654	19 
655	30 
656	10 
657	7 
658	8 
659	5 
660	16 
661	27 
662	2 
663	14 
664	38 
665	19 
666	25 
667	7 
668	5 
669	18 
670	3 
671	24 
672	2 
673	13 
674	11 
675	2 
676	18 
677	27 
678	28 
679	25 
680	34 
681	16 
682	10 
683	34 
684	5 
685	32 
686	23 
687	30 
688	27 
689	13 
690	35 
691	3 
692	20 
693	13 
694	5 
695	11 
696	37 
697	28 
698	26 
699	1 
700	5 
701	29 
702	23 
703	21 
704	20 
705	12 
706	20 
707	29 
708	29 
709	36 
710	5 
711	19 
712	36 
713	14 
714	19 
715	28 
716	19 
717	34 
718	37 
719	2 
720	24 
721	19 
722	32 
723	19 
724	17 
725	26 
726	36 
727	33 
728	11 
729	33 
730	38 
731	2 
732	7 
733	7 
734	27 
735	15 
736	8 
737	13 
738	26 
739	20 
740	14 
741	34 
742	28 
743	21 
744	28 
745	17 
746	35 
747	21 
748	17 
749	1 
750	38 
751	11 
752	21 
753	33 
754	37 
755	26 
756	7 
757	11 
758	4 
759	9 
760	21 
761	38 
762	11 
763	16 
764	13 
765	19 
766	21 
767	31 
768	21 
769	31 
770	30 
771	35 
772	30 
773	24 
774	15 
775	26 
776	9 
777	19 
778	12 
779	25 
780	37 
781	2 
782	32 
783	22 
784	12 
785	14 
786	29 
787	2 
788	36 
789	28 
790	16 
791	24 
792	34 
793	14 
794	35 
795	2 
796	32 
797	5 
798	15 
799	4 
800	32 
801	21 
802	36 
803	3 
804	28 
805	4 
806	37 
807	2 
808	22 
809	20 
810	19 
811	2 
812	1 
813	7 
814	10 
815	13 
816	25 
817	31 
818	17 
819	32 
820	33 
821	35 
822	6 
823	35 
824	7 
825	23 
826	32 
827	9 
828	10 
829	6 
830	4 
831	7 
832	6 
833	27 
834	5 
835	16 
836	15 
837	11 
838	7 
839	1 
840	17 
841	14 
842	33 
843	5 
844	20 
845	1 
846	6 
847	33 
848	16 
849	12 
850	28 
851	31 
852	31 
853	3 
854	24 
855	4 
856	32 
857	37 
858	16 
859	12 
860	23 
861	10 
862	26 
863	32 
864	21 
865	35 
866	38 
867	16 
868	36 
869	26 
870	3 
871	32 
872	21 
873	26 
874	25 
875	31 
876	31 
877	18 
878	30 
879	33 
880	13 
881	20 
882	20 
883	5 
884	25 
885	23 
886	18 
887	7 
888	6 
889	16 
890	17 
891	29 
892	10 
893	12 
894	24 
895	16 
896	23 
897	32 
898	8 
899	17 
900	24 
901	33 
902	10 
903	14 
904	15 
905	14 
906	18 
907	7 
908	9 
909	13 
910	5 
911	21 
912	24 
913	22 
914	38 
915	10 
916	31 
917	14 
918	29 
919	10 
920	12 
921	22 
922	25 
923	12 
924	30 
925	20 
926	27 
927	20 
928	34 
929	4 
930	9 
931	14 
932	20 
933	35 
934	32 
935	37 
936	25 
937	6 
938	22 
939	13 
940	38 
941	38 
942	37 
943	37 
944	12 
945	37 
946	10 
947	38 
948	26 
949	37 
950	37 
951	37 
952	38 
953	36 
954	38 
955	38 
956	37 
957	11 
958	38 
959	37 
960	38 
961	37 
962	38 
963	37 
964	38 
965	38 
966	37 
967	38 
968	38 
969	38 
970	37 
971	37 
972	37 
973	38 
974	37 
975	38 
976	38 
977	37 
978	38 
979	38 
980	38 
981	38 
982	37 
983	37 
984	37 
985	37 
986	38 
987	38 
988	37 
989	38 
990	38 
991	37 
992	37 
993	37 
994	38 
995	38 
996	38 
997	37 
998	37 
999	37 
1000	37 
