1	19 
2	24 
3	20 
4	22 
5	24 
6	6 
7	4 
8	19 
9	27 
10	7 
11	15 
12	15 
13	29 
14	7 
15	25 
16	3 
17	35 
18	3 
19	25 
20	36 
21	4 
22	37 
23	21 
24	36 
25	35 
26	12 
27	28 
28	22 
29	7 
30	24 
31	28 
32	23 
33	29 
34	14 
35	31 
36	18 
37	14 
38	20 
39	14 
40	15 
41	6 
42	27 
43	9 
44	3 
45	26 
46	18 
47	36 
48	21 
49	27 
50	24 
51	15 
52	7 
53	16 
54	27 
55	20 
56	33 
57	5 
58	8 
59	34 
60	5 
61	35 
62	23 
63	18 
64	34 
65	24 
66	3 
67	25 
68	9 
69	3 
70	10 
71	2 
72	15 
73	7 
74	11 
75	19 
76	16 
77	18 
78	8 
79	4 
80	10 
81	31 
82	20 
83	1 
84	32 
85	15 
86	21 
87	36 
88	8 
89	29 
90	22 
91	19 
92	11 
93	3 
94	15 
95	24 
96	11 
97	5 
98	19 
99	26 
100	3 
101	8 
102	23 
103	35 
104	31 
105	33 
106	8 
107	8 
108	14 
109	32 
110	19 
111	28 
112	35 
113	2 
114	34 
115	38 
116	25 
117	22 
118	1 
119	20 
120	10 
121	19 
122	25 
123	5 
124	23 
125	7 
126	36 
127	30 
128	19 
129	26 
130	12 
131	29 
132	27 
133	31 
134	21 
135	18 
136	33 
137	27 
138	35 
139	18 
140	30 
141	13 
142	27 
143	38 
144	28 
145	8 
146	12 
147	21 
148	4 
149	17 
150	33 
151	16 
152	17 
153	6 
154	12 
155	21 
156	11 
157	33 
158	2 
159	20 
160	7 
161	7 
162	26 
163	21 
164	22 
165	19 
166	26 
167	6 
168	2 
169	9 
170	4 
171	27 
172	3 
173	29 
174	32 
175	5 
176	21 
177	4 
178	15 
179	33 
180	12 
181	24 
182	24 
183	2 
184	15 
185	4 
186	35 
187	18 
188	35 
189	23 
190	3 
191	10 
192	22 
193	17 
194	27 
195	33 
196	6 
197	1 
198	9 
199	36 
200	21 
201	16 
202	36 
203	3 
204	24 
205	13 
206	8 
207	32 
208	11 
209	31 
210	33 
211	17 
212	38 
213	23 
214	30 
215	12 
216	5 
217	24 
218	26 
219	20 
220	2 
221	10 
222	11 
223	20 
224	19 
225	14 
226	33 
227	13 
228	37 
229	16 
230	17 
231	34 
232	31 
233	8 
234	19 
235	10 
236	3 
237	3 
238	28 
239	24 
240	16 
241	17 
242	11 
243	14 
244	4 
245	29 
246	36 
247	4 
248	28 
249	14 
250	9 
251	9 
252	22 
253	8 
254	30 
255	28 
256	23 
257	28 
258	26 
259	21 
260	17 
261	22 
262	30 
263	34 
264	30 
265	18 
266	25 
267	16 
268	34 
269	2 
270	3 
271	33 
272	20 
273	5 
274	34 
275	23 
276	29 
277	13 
278	32 
279	35 
280	4 
281	25 
282	9 
283	7 
284	2 
285	14 
286	35 
287	12 
288	3 
289	15 
290	25 
291	27 
292	19 
293	11 
294	14 
295	13 
296	21 
297	36 
298	22 
299	12 
300	38 
301	10 
302	28 
303	11 
304	16 
305	28 
306	32 
307	38 
308	35 
309	25 
310	7 
311	13 
312	25 
313	34 
314	38 
315	27 
316	22 
317	28 
318	26 
319	14 
320	26 
321	25 
322	14 
323	5 
324	15 
325	34 
326	9 
327	18 
328	22 
329	12 
330	10 
331	25 
332	34 
333	23 
334	17 
335	18 
336	30 
337	1 
338	15 
339	28 
340	33 
341	17 
342	17 
343	35 
344	34 
345	18 
346	31 
347	32 
348	32 
349	5 
350	2 
351	17 
352	31 
353	4 
354	2 
355	6 
356	25 
357	16 
358	7 
359	1 
360	6 
361	5 
362	32 
363	25 
364	10 
365	37 
366	27 
367	35 
368	38 
369	10 
370	1 
371	28 
372	22 
373	16 
374	20 
375	3 
376	11 
377	10 
378	19 
379	25 
380	7 
381	31 
382	28 
383	13 
384	11 
385	22 
386	4 
387	34 
388	24 
389	2 
390	4 
391	30 
392	8 
393	18 
394	26 
395	35 
396	1 
397	17 
398	30 
399	26 
400	23 
401	11 
402	8 
403	20 
404	29 
405	9 
406	21 
407	25 
408	30 
409	4 
410	20 
411	35 
412	17 
413	11 
414	33 
415	28 
416	24 
417	14 
418	11 
419	5 
420	35 
421	2 
422	37 
423	26 
424	9 
425	21 
426	31 
427	30 
428	4 
429	13 
430	20 
431	36 
432	12 
433	36 
434	18 
435	3 
436	11 
437	5 
438	26 
439	15 
440	29 
441	30 
442	20 
443	26 
444	36 
445	38 
446	34 
447	15 
448	27 
449	10 
450	28 
451	18 
452	29 
453	20 
454	34 
455	36 
456	1 
457	29 
458	19 
459	4 
460	1 
461	34 
462	21 
463	35 
464	12 
465	20 
466	23 
467	33 
468	25 
469	4 
470	32 
471	8 
472	10 
473	7 
474	3 
475	6 
476	25 
477	9 
478	22 
479	20 
480	28 
481	32 
482	15 
483	18 
484	36 
485	22 
486	11 
487	24 
488	15 
489	19 
490	19 
491	9 
492	11 
493	6 
494	36 
495	6 
496	9 
497	33 
498	1 
499	24 
500	31 
501	8 
502	15 
503	11 
504	1 
505	22 
506	5 
507	7 
508	20 
509	19 
510	27 
511	26 
512	32 
513	17 
514	21 
515	5 
516	16 
517	22 
518	32 
519	19 
520	13 
521	30 
522	8 
523	16 
524	10 
525	22 
526	29 
527	9 
528	17 
529	30 
530	26 
531	23 
532	32 
533	34 
534	6 
535	9 
536	3 
537	5 
538	33 
539	26 
540	33 
541	7 
542	13 
543	31 
544	14 
545	21 
546	23 
547	13 
548	12 
549	29 
550	3 
551	16 
552	29 
553	7 
554	32 
555	14 
556	30 
557	11 
558	19 
559	4 
560	23 
561	9 
562	7 
563	16 
564	9 
565	25 
566	34 
567	32 
568	12 
569	13 
570	28 
571	8 
572	29 
573	23 
574	6 
575	22 
576	16 
577	1 
578	38 
579	15 
580	5 
581	36 
582	32 
583	27 
584	32 
585	6 
586	24 
587	35 
588	11 
589	1 
590	13 
591	36 
592	34 
593	16 
594	19 
595	33 
596	4 
597	33 
598	13 
599	30 
600	15 
601	15 
602	13 
603	10 
604	10 
605	6 
606	18 
607	34 
608	30 
609	10 
610	20 
611	26 
612	1 
613	4 
614	13 
615	2 
616	29 
617	35 
618	4 
619	37 
620	1 
621	34 
622	29 
623	23 
624	6 
625	1 
626	17 
627	15 
628	25 
629	25 
630	27 
631	24 
632	24 
633	34 
634	2 
635	12 
636	5 
637	19 
638	12 
639	8 
640	13 
641	18 
642	14 
643	19 
644	33 
645	17 
646	15 
647	8 
648	21 
649	29 
650	17 
651	12 
652	21 
653	29 
654	6 
655	21 
656	32 
657	14 
658	35 
659	29 
660	31 
661	28 
662	22 
663	28 
664	25 
665	20 
666	5 
667	19 
668	2 
669	28 
670	28 
671	37 
672	27 
673	16 
674	12 
675	13 
676	29 
677	26 
678	2 
679	16 
680	32 
681	27 
682	36 
683	3 
684	34 
685	8 
686	18 
687	10 
688	35 
689	5 
690	9 
691	31 
692	38 
693	20 
694	20 
695	27 
696	31 
697	1 
698	14 
699	32 
700	29 
701	2 
702	16 
703	17 
704	18 
705	22 
706	10 
707	29 
708	10 
709	3 
710	9 
711	31 
712	34 
713	18 
714	8 
715	20 
716	14 
717	10 
718	32 
719	30 
720	22 
721	24 
722	1 
723	33 
724	35 
725	21 
726	14 
727	23 
728	17 
729	24 
730	10 
731	2 
732	21 
733	33 
734	7 
735	16 
736	4 
737	35 
738	12 
739	18 
740	4 
741	7 
742	7 
743	33 
744	25 
745	8 
746	3 
747	23 
748	18 
749	7 
750	30 
751	26 
752	10 
753	34 
754	1 
755	21 
756	8 
757	27 
758	6 
759	18 
760	10 
761	36 
762	28 
763	2 
764	11 
765	23 
766	11 
767	14 
768	9 
769	23 
770	16 
771	2 
772	22 
773	19 
774	11 
775	7 
776	26 
777	6 
778	36 
779	36 
780	24 
781	12 
782	33 
783	14 
784	16 
785	31 
786	29 
787	24 
788	13 
789	9 
790	11 
791	12 
792	15 
793	6 
794	23 
795	26 
796	17 
797	10 
798	34 
799	15 
800	5 
801	5 
802	4 
803	13 
804	31 
805	13 
806	2 
807	28 
808	36 
809	19 
810	12 
811	28 
812	21 
813	31 
814	12 
815	30 
816	23 
817	11 
818	27 
819	37 
820	30 
821	8 
822	13 
823	18 
824	9 
825	30 
826	1 
827	24 
828	13 
829	4 
830	8 
831	2 
832	32 
833	32 
834	33 
835	9 
836	30 
837	36 
838	7 
839	13 
840	6 
841	9 
842	26 
843	14 
844	35 
845	5 
846	31 
847	8 
848	6 
849	36 
850	9 
851	12 
852	1 
853	6 
854	14 
855	14 
856	31 
857	27 
858	7 
859	22 
860	31 
861	30 
862	20 
863	27 
864	25 
865	3 
866	27 
867	16 
868	14 
869	27 
870	25 
871	37 
872	23 
873	5 
874	16 
875	15 
876	24 
877	31 
878	24 
879	21 
880	33 
881	16 
882	38 
883	2 
884	2 
885	23 
886	3 
887	1 
888	6 
889	3 
890	20 
891	23 
892	32 
893	30 
894	18 
895	35 
896	1 
897	5 
898	31 
899	2 
900	12 
901	6 
902	6 
903	1 
904	17 
905	17 
906	31 
907	17 
908	5 
909	37 
910	22 
911	38 
912	1 
913	36 
914	7 
915	13 
916	26 
917	12 
918	38 
919	17 
920	26 
921	29 
922	38 
923	21 
924	37 
925	37 
926	37 
927	38 
928	37 
929	38 
930	38 
931	38 
932	38 
933	38 
934	38 
935	38 
936	37 
937	38 
938	37 
939	38 
940	37 
941	38 
942	37 
943	37 
944	38 
945	38 
946	38 
947	38 
948	38 
949	38 
950	38 
951	37 
952	37 
953	37 
954	37 
955	38 
956	38 
957	37 
958	37 
959	38 
960	38 
961	37 
962	38 
963	37 
964	38 
965	37 
966	37 
967	37 
968	37 
969	37 
970	38 
971	37 
972	38 
973	38 
974	37 
975	37 
976	37 
977	37 
978	37 
979	37 
980	37 
981	37 
982	38 
983	38 
984	38 
985	38 
986	37 
987	38 
988	37 
989	37 
990	37 
991	37 
992	37 
993	37 
994	38 
995	38 
996	37 
997	38 
998	37 
999	38 
1000	37 
